total_gene_tpm
0.00199998
8.35072
105.084
6.201
36.9909
0.34099
12.4606
12.4606
23.4302
8.35072
4.80188
0.110998
3.13095
13.7409
6.44107
5.87097
83.5417
1.65095
13.3106
8.46083
2.28105
1.75103
8.0111
1.51199
12.2907
29.743
50.6995
6.57094
7.02111
26.3002
23.4302
22.8006
13.9307
17.8915
24.2212
12.7013
1.48103
1.20097
21.6111
0.0509984999999999
17.8816
26.9311
14.9109
3.00091
10.8011
46.1225
15.6512
0.0810019
0.330999
24.3104
21.6216
6.33085
12.103
10.9914
4.85106
30.7902
3.4011
5.98106
0.0410009
3.55094
81.4024
0.631984
111.903
3.00091
6.4509
1.35097
0.34099
44.4496
22.6808
8.93087
14.0413
24.9005
13.5808
0.410997
1.28201
13.5808
0.7720159999999999
13.4629
16.4111
24.9005
8.43098
7.1211
0.630995
3.29094
4.49089
0.0509984999999999
45.4718
3.22098
0.201005
11.7909
8.0111
11940.7
43.6027
2.211
9.7608
3.79106
8.74101
24.0906
12.4011
2.94099
0.00199998
111.903
0.0410009
0.0109996
18.1614
0.410997
0.801014
28.0903
22.8006
18.5816
6.201
0.220997
9.09075
0.0529985
10.5013
24.7302
5.45092
0.680987
0.511002
0.491002
70.4389
8.35072
0.000999989
23.3605
8.38087
9.09075
105.084
77.152
6.23116
5.16118
49.7319
8.19077
77.5524
10.3711
54.7638
0.260996
22.8006
0.1009979999999999
34.66
0.000999989
60.6906
13.4711
2.57095
0.130996
6.21089
1.90105
4.08094
16.3113
2.85106
6.27102
0.000999989
0.610981
10.0213
23.3007
0.0710017999999999
20.9925
0.891002
0.401007
19.8807
7.75182
0.610981
38.7413
18.6009
1.93094
86.9311
6.28102
0.0710017999999999
6.47105
20.5704
2.86096
0.000999989
6.60107
2.86096
17.5208
2.68105
0.0509984999999999
30.7902
8.35072
2.82099
18.4008
27.2805
30.4211
8.25118
0.38101
0.8210259999999999
1.43098
12.3112
1.881
129.589
46.8702
109.933
30.6009
23.2603
5.32101
17.1009
4.62098
0.330999
10.0213
20.6504
0.0139996
